177 160 111 90 99 101 102 108 108 106 101 93 107 118 117 120 124 128 119 122 124 113 112 122 127 135 135 122 120 134 131 117 106 102 142 164 159 172 178 172 168 159 152 166 181 169 162 172 185 185 177 172 173 179 190 188 185 181 187 182 192 186 187 182 181 177 173 188 192 195 199 198 199 193 191 199 198 192 187 197 202 199 197 200 202 208 206 202 201 197 194 199 200 202 203 205 205 205 206 209 213 220 192 118 110 128 143 150 152 154 155 155 153 156 152 145 140 122 103 81 46 33 66 147 216 222 204 168
177 141 111 97 102 102 103 107 104 93 91 114 118 114 117 129 122 121 123 120 119 119 120 120 132 132 133 139 134 132 118 101 107 133 158 172 167 166 163 160 157 165 171 165 162 158 181 183 179 181 177 169 177 185 189 184 183 181 181 183 181 189 185 176 162 170 191 191 187 190 196 200 199 197 188 191 196 198 195 191 198 203 200 195 193 201 189 184 194 193 196 204 204 205 200 203 205 204 206 205 209 214 218 196 145 124 139 149 151 151 155 155 154 153 149 145 135 118 93 66 57 114 187 223 212 191 170 180
167 130 110 97 95 97 101 102 98 100 112 122 114 120 117 117 124 123 108 113 122 124 120 126 134 132 130 129 129 119 92 104 148 163 150 162 179 156 142 151 163 178 169 147 160 173 175 184 180 172 182 186 179 175 180 188 184 180 180 179 186 179 169 162 176 192 190 187 180 185 193 194 193 197 197 194 194 194 196 198 191 199 204 200 176 160 176 197 202 198 196 203 201 200 201 200 202 203 202 201 205 210 213 218 213 160 131 147 150 150 151 153 153 151 148 142 130 108 83 94 159 216 217 200 182 171 186 211
154 121 112 99 91 94 99 99 105 113 111 111 114 111 102 117 121 105 115 128 121 123 128 125 130 119 114 125 120 95 107 141 156 163 163 150 149 156 144 150 173 157 149 171 178 171 169 171 180 183 180 191 179 168 174 179 184 178 178 182 176 160 164 181 180 179 189 190 185 179 187 190 191 196 196 191 195 201 196 196 198 199 202 186 156 166 193 197 199 200 200 203 200 199 202 201 199 197 195 198 201 204 209 212 219 207 152 141 152 153 151 151 149 149 143 133 120 113 144 199 224 209 191 183 183 195 211 213
145 114 115 104 92 96 100 106 109 113 101 109 108 98 112 119 115 116 122 122 125 129 130 128 115 117 120 115 100 115 146 161 155 157 161 146 136 140 165 158 133 148 171 177 174 171 175 177 174 182 176 172 181 176 167 178 178 185 185 169 154 163 189 190 182 176 181 191 191 184 184 191 191 187 193 189 191 202 200 197 202 202 173 152 177 193 188 191 196 200 200 200 201 203 201 200 198 197 196 193 197 199 202 206 207 213 186 142 153 153 150 147 149 147 137 134 157 189 218 215 197 187 182 186 199 213 213 209
136 129 119 107 100 99 104 105 104 99 102 95 101 115 118 119 112 112 124 125 129 127 115 111 119 122 116 104 117 139 152 158 164 148 146 145 149 152 143 139 149 158 169 173 169 176 179 179 173 165 168 169 168 184 186 174 179 175 172 160 173 181 177 185 186 181 181 180 177 189 188 179 181 190 189 190 191 198 203 205 194 176 166 175 188 190 192 196 197 197 196 197 194 199 198 198 199 199 198 195 192 194 196 196 204 208 205 154 149 153 150 146 142 138 153 186 215 216 199 187 186 181 189 204 211 210 208 206
145 129 123 108 104 103 105 102 97 101 96 103 105 107 114 102 103 117 120 124 123 112 108 121 118 113 111 125 148 145 147 153 153 144 140 150 165 139 125 152 167 165 151 164 180 179 176 165 167 167 162 162 178 183 190 186 167 153 158 183 180 176 174 171 185 187 177 178 174 172 179 185 171 178 192 197 195 189 194 189 168 169 191 194 190 188 185 187 191 193 192 196 193 193 195 192 191 195 196 197 190 187 194 190 194 202 208 165 145 152 149 143 145 171 201 215 202 189 185 184 184 198 211 210 208 204 202 201
145 129 124 106 102 107 104 105 111 103 101 104 104 112 105 107 118 122 123 115 109 116 124 125 120 109 125 156 147 151 146 145 142 140 155 150 131 129 153 160 160 163 162 166 174 175 169 167 165 163 173 176 164 182 178 173 151 154 178 182 174 172 172 175 176 180 179 171 182 180 166 180 185 178 189 184 176 161 170 173 177 189 186 180 177 180 181 184 191 190 191 198 198 190 185 191 188 189 192 194 190 183 187 186 185 194 202 186 144 143 148 168 193 209 205 196 192 189 187 190 203 213 208 204 203 198 199 200
157 132 126 112 101 103 97 106 107 109 104 107 106 106 113 110 114 123 113 109 120 127 130 121 105 120 147 150 148 156 148 133 139 152 154 126 128 151 161 156 151 162 174 161 147 163 168 166 172 168 166 183 172 158 162 149 166 176 173 175 178 177 177 174 174 174 173 179 174 182 180 175 191 186 191 175 161 172 185 183 188 187 173 170 186 188 193 189 195 195 190 194 194 187 181 185 190 190 186 189 188 183 182 190 185 186 190 202 167 150 183 211 209 189 182 190 189 194 201 207 209 207 203 203 199 200 200 200
155 137 127 115 104 98 107 108 105 98 104 111 108 114 116 112 119 116 110 122 128 125 119 105 118 147 143 148 152 150 141 134 144 149 126 128 151 150 147 161 166 163 160 160 159 155 160 174 181 181 170 163 176 152 153 171 177 179 174 165 172 180 179 173 172 176 168 172 182 171 185 194 192 187 179 174 178 179 181 183 191 189 187 181 187 190 192 191 187 194 190 182 186 183 180 184 186 187 183 184 186 182 177 186 184 183 185 192 192 196 210 203 190 187 190 188 195 207 208 204 204 203 201 200 200 199 196 199
156 145 132 117 110 111 110 104 101 101 105 109 110 113 120 118 118 125 120 124 130 118 99 113 147 151 146 144 145 139 142 153 137 115 129 147 146 150 150 151 173 152 146 156 159 164 169 168 175 183 180 158 149 154 172 186 176 167 173 175 167 170 178 173 176 172 168 167 171 180 181 188 182 176 177 183 183 182 184 178 180 187 189 191 185 186 191 189 189 185 185 180 174 177 182 185 186 179 184 181 183 179 170 168 178 177 185 194 202 196 188 191 193 194 196 205 209 209 203 198 199 200 200 199 199 197 197 200
156 147 136 129 122 126 111 109 107 105 106 105 110 114 100 107 119 119 122 125 122 110 112 139 146 147 150 139 129 139 159 140 122 135 152 145 146 146 159 149 137 156 147 153 172 172 174 172 162 161 164 152 163 176 165 172 176 168 168 175 179 171 164 175 177 173 173 168 168 172 178 173 172 184 188 183 178 179 183 173 177 184 185 193 190 183 186 190 185 180 176 176 173 170 178 186 185 181 174 177 176 172 159 160 174 194 204 195 184 172 181 197 195 198 206 211 209 205 196 191 199 199 199 200 197 197 197 201
151 143 138 136 120 126 119 114 104 105 104 108 108 100 100 113 121 115 121 115 106 115 142 137 143 150 141 137 136 154 139 112 131 149 152 149 150 156 155 136 134 140 153 160 165 182 174 168 167 140 146 172 180 179 173 159 160 176 174 171 176 183 172 166 177 176 173 169 168 167 168 171 178 181 185 182 175 177 183 182 174 179 184 189 192 188 182 179 179 181 184 174 168 176 172 181 183 183 169 172 160 158 159 186 202 200 183 168 184 192 198 199 202 206 207 206 204 197 193 197 200 200 198 199 197 198 201 202
159 156 135 144 128 130 127 108 104 103 105 106 103 115 108 113 128 112 97 100 120 144 140 142 147 142 138 137 155 130 109 127 147 145 146 151 154 154 141 131 141 147 148 161 158 158 177 161 150 148 165 178 178 176 169 167 160 164 177 175 172 175 181 173 164 160 166 176 167 159 169 173 176 178 168 167 175 178 182 187 183 173 182 189 188 186 180 173 176 179 179 184 181 171 175 167 181 179 166 157 153 176 201 204 188 177 182 185 193 198 202 206 206 203 202 201 197 195 196 199 199 199 198 197 199 200 202 203
170 163 155 138 146 131 126 111 114 111 93 89 111 107 110 122 120 107 96 113 144 149 137 135 140 137 146 152 119 112 129 146 149 148 144 153 150 148 142 143 156 162 145 135 162 154 148 146 155 176 175 169 165 165 169 169 167 162 160 171 177 170 164 167 164 159 158 164 172 171 169 167 164 161 169 169 174 178 175 185 188 182 176 180 183 176 176 176 170 179 182 182 183 171 169 163 169 166 156 163 193 208 192 179 183 190 193 197 201 202 203 202 199 194 195 194 195 197 196 199 199 198 197 200 201 200 202 204
155 159 147 142 141 135 131 128 119 102 90 98 95 104 119 116 115 102 115 139 142 140 141 130 131 141 155 125 105 125 143 148 148 154 148 142 142 139 154 157 149 144 143 140 151 158 137 150 169 173 176 170 163 161 164 170 169 171 167 158 164 174 164 156 167 168 165 164 162 170 159 148 159 168 175 174 171 174 173 173 185 187 179 172 174 177 174 174 167 166 177 182 176 171 156 158 150 164 182 199 194 181 181 185 192 194 200 206 204 199 198 198 191 188 190 191 194 194 197 198 198 200 197 200 200 201 203 204
167 155 172 145 140 135 143 129 110 101 102 90 92 111 109 107 95 119 145 140 133 137 134 134 139 147 121 113 124 139 138 145 153 148 143 136 140 151 150 149 138 154 157 154 137 141 166 156 159 167 164 163 170 167 161 165 170 168 170 161 155 156 176 167 159 166 171 169 151 150 160 163 167 168 167 174 176 171 166 168 174 186 180 174 167 169 173 174 166 168 167 181 175 164 150 151 170 198 197 181 177 179 186 195 200 204 205 202 200 197 188 190 193 191 189 193 195 196 200 200 200 201 199 202 199 204 206 205
161 159 149 147 140 136 140 132 106 106 97 101 109 108 107 95 110 145 143 139 137 125 131 141 139 116 112 120 139 147 139 140 148 143 134 146 139 142 137 137 156 158 159 143 138 146 163 168 158 150 152 157 163 177 171 158 163 159 158 163 164 158 158 171 172 153 150 153 164 160 163 166 165 169 169 166 176 168 162 170 168 171 177 171 170 165 169 176 162 165 166 164 163 155 166 188 198 181 168 177 186 192 195 205 208 204 201 196 193 191 189 193 193 191 192 196 196 198 200 201 199 199 201 201 200 204 207 207
174 150 151 149 143 124 139 131 115 114 107 104 106 106 99 124 143 144 140 136 133 125 134 143 109 122 126 137 143 141 149 140 133 139 144 142 134 130 144 145 153 149 136 141 160 162 153 155 162 155 149 158 161 162 169 156 154 158 159 163 165 172 165 155 156 135 150 170 168 167 164 168 163 157 170 169 171 171 164 164 169 162 159 163 173 169 162 166 169 153 156 147 152 180 198 190 173 174 179 190 195 204 203 203 199 196 194 192 189 191 194 193 193 195 195 198 199 200 200 201 200 202 201 202 204 206 208 210
173 162 148 157 147 138 140 141 120 123 113 106 102 92 116 134 138 142 134 133 131 141 131 112 113 120 136 150 143 142 151 140 134 146 137 123 128 145 152 154 143 133 135 151 159 160 159 152 146 158 168 150 152 155 147 145 150 164 166 169 170 166 156 143 150 159 161 167 168 156 164 169 169 162 160 166 165 165 165 167 158 162 159 159 162 169 159 158 164 147 147 171 189 195 179 169 177 187 193 198 199 197 195 192 186 183 189 191 189 194 194 196 194 195 198 199 201 202 204 202 201 202 202 203 206 208 209 211
180 168 162 157 153 142 139 144 128 119 105 104 89 114 140 137 121 134 134 127 141 138 111 118 119 136 141 138 144 150 138 140 141 129 114 128 143 151 147 151 133 139 158 160 154 155 158 156 150 150 168 164 156 157 146 140 130 129 134 130 135 146 156 157 165 167 161 161 161 163 160 156 163 169 165 155 166 161 165 166 165 154 163 168 151 157 158 149 148 162 180 197 184 169 181 181 185 202 205 199 191 187 184 181 181 183 188 192 193 195 194 197 196 198 201 202 203 202 202 202 200 202 203 205 209 208 213 200
182 168 170 161 153 138 144 151 142 123 111 87 99 134 139 139 129 122 131 137 134 109 124 122 134 147 138 135 141 140 136 140 126 124 130 133 149 156 144 126 129 147 156 164 162 156 150 135 134 137 134 145 152 152 147 131 131 136 129 100 71 131 174 159 161 163 158 157 157 162 163 162 160 163 165 156 156 162 159 164 165 160 156 162 155 143 154 147 166 199 191 175 166 176 191 195 192 203 200 190 187 186 187 187 187 191 193 194 194 194 195 198 198 200 202 201 202 202 202 203 201 203 204 207 209 209 214 171
178 171 160 166 151 162 146 154 146 134 107 96 119 130 126 129 133 124 136 141 108 115 124 128 149 144 137 139 137 141 139 114 122 137 139 134 141 149 128 137 148 144 150 154 146 114 104 107 107 101 97 96 108 135 151 116 139 149 152 142 94 104 156 156 161 166 166 162 143 137 146 153 154 165 164 164 150 143 134 101 151 165 158 144 153 136 149 180 197 186 167 169 184 193 195 201 196 197 193 187 187 190 192 190 191 192 194 197 197 197 199 197 199 202 199 203 203 202 203 203 202 205 205 209 211 214 193 156
186 163 166 158 159 145 158 147 157 134 112 121 120 124 123 125 124 136 135 113 107 123 127 144 139 142 139 131 142 133 118 127 128 132 141 151 133 124 135 148 156 153 148 131 95 96 135 140 136 120 115 105 98 88 101 96 140 161 166 163 144 112 107 106 122 128 132 163 166 153 156 146 116 140 147 150 167 124 121 77 60 127 161 145 135 160 187 193 171 163 169 192 202 204 201 197 192 195 192 191 190 192 192 192 194 193 196 199 199 199 200 200 200 202 202 204 202 202 203 202 202 205 207 211 217 204 169 165
185 181 165 165 144 154 141 158 146 136 122 116 121 117 116 123 127 137 112 109 117 129 143 141 136 132 136 136 127 116 118 132 131 134 138 144 128 127 147 148 146 153 145 107 113 138 146 137 125 122 114 107 105 91 66 81 153 172 167 168 151 126 129 120 121 115 100 94 117 135 147 151 124 105 105 80 102 78 102 115 43 58 152 150 162 195 179 157 158 170 187 188 196 201 198 193 191 194 194 194 194 193 189 192 195 195 198 200 199 200 200 201 200 202 203 205 201 202 202 202 203 205 212 215 202 174 150 131
196 181 181 163 151 131 142 146 159 150 114 107 114 123 113 122 133 109 102 119 126 140 141 136 135 135 137 124 111 128 130 129 134 132 133 126 127 146 138 142 152 140 115 130 151 143 133 107 98 104 95 75 67 70 60 73 143 158 166 158 134 132 130 122 121 110 87 72 86 92 73 78 79 76 73 55 40 51 44 59 37 34 121 189 194 162 149 159 177 196 200 194 196 197 194 190 193 196 196 193 192 193 190 191 195 195 198 200 199 200 200 200 198 201 205 204 202 203 204 203 207 212 207 183 153 124 98 78
190 198 177 168 138 131 121 143 156 119 103 107 112 123 124 127 106 97 118 122 140 138 133 132 137 142 122 119 126 129 129 135 137 132 120 126 141 148 139 137 137 113 112 139 149 131 100 93 107 103 87 94 102 82 79 101 130 138 140 137 137 121 87 69 68 62 63 108 119 63 65 71 53 49 50 46 42 46 42 30 32 79 169 192 154 145 172 191 196 200 199 194 198 194 192 192 194 197 194 193 190 189 191 194 194 197 198 199 199 201 199 199 196 203 206 203 204 207 210 211 203 172 135 109 96 88 84 83
207 194 184 157 144 122 120 135 129 114 111 112 110 114 130 112 97 110 118 136 139 134 133 133 136 123 116 132 131 133 130 131 136 130 122 137 143 140 140 141 107 104 138 143 133 112 103 127 122 102 115 140 127 102 80 94 105 87 116 131 95 77 79 57 50 78 115 94 70 61 69 83 51 41 38 34 44 53 34 76 112 179 179 137 147 184 202 204 202 197 195 192 193 192 191 193 194 193 195 195 190 191 193 195 194 197 197 198 199 198 199 194 194 208 204 204 212 211 193 151 117 92 83 82 89 91 89 87
195 201 185 171 134 114 108 122 136 128 114 119 115 117 117 102 112 118 132 140 134 134 134 136 124 110 122 129 133 136 136 130 123 123 134 143 137 137 143 115 108 130 133 132 115 103 128 128 111 108 123 113 94 70 68 77 73 79 113 100 99 83 75 70 96 101 78 72 76 67 71 78 54 50 39 32 32 26 50 151 193 162 135 149 178 199 200 202 197 196 195 193 192 193 192 190 195 196 193 193 193 191 193 193 193 197 196 195 198 200 202 199 202 208 208 213 191 135 102 81 81 83 84 88 95 89 91 95
201 197 191 161 144 116 107 156 142 146 126 120 127 111 96 109 117 128 135 139 137 136 134 122 115 126 126 130 134 134 131 130 120 129 138 139 138 132 118 106 130 135 134 122 102 123 132 117 115 87 68 57 57 56 54 56 64 93 100 120 108 106 98 122 106 88 112 70 55 47 73 100 43 40 43 32 26 62 147 188 146 112 154 194 191 187 189 191 193 196 195 191 191 192 189 190 191 191 193 193 191 190 191 191 193 195 195 197 200 203 202 200 207 213 208 165 101 80 88 90 90 88 84 88 94 101 108 120
196 207 192 162 135 122 139 148 149 130 141 126 114 100 105 115 126 133 136 134 138 136 119 114 128 123 129 133 131 132 127 119 132 142 137 139 135 112 103 123 132 138 133 119 103 112 87 75 80 70 71 58 52 60 58 57 90 104 116 116 90 77 75 100 86 127 92 62 85 56 68 108 34 30 29 42 85 168 187 131 104 149 193 200 190 182 182 182 190 194 192 189 190 193 186 184 189 192 190 189 187 192 192 193 194 195 194 198 197 198 197 206 201 173 148 117 91 90 95 91 88 86 86 93 113 131 149 157
199 194 195 160 147 131 134 138 146 149 137 131 99 103 113 116 137 132 132 137 131 125 112 126 127 124 128 136 133 124 119 129 146 137 133 134 131 97 113 139 134 130 117 97 79 65 61 83 93 78 68 52 50 52 49 81 124 106 116 87 57 45 54 95 96 78 85 97 72 37 64 93 29 27 27 93 174 177 128 113 159 188 194 190 179 176 179 184 190 190 188 189 190 187 185 188 188 188 190 189 190 193 191 192 194 196 195 197 200 204 202 174 125 91 128 132 114 94 94 88 89 105 118 135 154 158 168 169
191 196 189 182 155 134 115 150 139 151 142 107 97 116 118 133 134 135 132 137 118 108 122 128 125 126 127 132 130 119 120 138 138 137 137 134 136 101 114 141 126 101 78 62 48 79 107 89 65 54 53 47 54 46 61 122 124 117 97 51 38 37 79 118 63 80 113 65 37 31 78 97 41 31 100 176 166 122 129 172 199 191 190 181 178 179 184 187 187 187 187 188 188 185 185 185 186 190 191 189 190 191 193 193 193 197 199 200 208 188 127 82 100 103 131 140 129 114 112 121 134 154 162 167 168 164 164 171
199 189 199 183 167 159 135 133 152 126 134 106 107 114 131 139 134 134 133 120 105 118 125 126 131 131 121 125 123 113 134 140 133 136 137 143 145 107 114 135 87 69 54 58 93 99 67 45 41 50 55 45 50 42 88 126 112 94 53 47 42 72 130 78 68 98 73 32 40 35 92 88 64 114 180 156 115 133 179 200 197 189 185 181 179 179 184 185 183 183 182 184 185 182 183 186 186 189 190 189 190 190 192 194 197 200 209 188 127 87 84 78 105 104 121 140 146 156 157 161 167 167 167 165 170 169 167 177
191 198 192 197 186 155 168 141 161 139 98 103 121 125 136 133 138 136 114 94 112 124 127 127 126 129 127 118 114 122 126 109 100 109 129 147 146 111 97 92 62 58 65 95 82 53 47 40 52 63 43 41 47 57 124 103 76 67 41 47 80 132 107 75 98 70 28 54 47 36 98 63 131 178 149 114 139 177 196 199 189 181 181 176 179 183 185 183 181 179 177 180 180 183 184 184 187 190 192 191 189 193 194 196 202 203 145 92 42 60 121 104 100 105 107 140 152 167 165 165 166 166 164 165 168 174 183 203
205 196 197 196 163 171 170 164 144 141 93 112 128 129 137 136 134 130 105 114 122 124 127 127 116 124 127 116 125 142 138 132 116 97 90 110 127 111 72 56 65 78 82 73 56 60 51 48 75 56 35 39 54 93 113 63 56 52 47 70 118 90 98 121 92 30 54 108 30 40 126 144 170 136 113 141 188 190 195 197 185 179 175 178 182 182 182 181 180 177 178 178 174 177 183 186 188 189 189 188 192 194 195 200 183 96 40 84 89 61 129 132 104 118 105 133 153 164 161 167 168 168 169 171 178 186 204 215
208 204 203 178 158 174 179 165 139 95 97 126 131 121 126 138 123 103 115 130 125 128 123 118 115 123 119 122 135 141 142 140 119 95 97 87 74 84 75 66 68 89 79 70 61 52 51 91 72 36 35 42 74 92 89 45 50 51 55 106 82 77 111 94 45 48 126 85 20 80 169 171 122 109 142 187 201 196 191 192 186 180 178 178 181 179 178 181 179 174 175 177 173 174 183 190 188 192 190 188 192 194 190 159 92 38 39 88 119 78 91 147 114 119 117 118 148 150 156 170 170 170 175 177 187 208 184 104
224 210 201 191 155 164 179 179 147 89 111 140 130 131 123 128 112 105 124 127 127 122 121 119 120 123 120 137 134 132 130 120 100 59 57 68 70 79 73 77 88 86 65 62 46 36 83 110 44 36 37 51 94 80 68 38 44 55 63 81 60 63 97 66 30 105 150 37 35 138 150 116 116 152 190 197 198 193 190 189 187 183 181 181 179 179 182 179 175 172 172 178 181 174 181 189 191 191 192 190 187 184 171 117 73 77 80 67 96 113 84 112 140 114 126 105 135 151 154 165 167 170 174 193 211 163 61 30
210 211 212 193 178 167 177 190 143 108 131 132 129 132 127 115 108 120 127 132 130 125 121 122 119 120 134 138 119 108 105 111 109 100 86 79 73 59 67 93 73 53 48 43 41 61 116 102 32 37 39 56 98 76 56 42 57 60 59 52 41 65 109 43 32 127 104 54 109 129 104 102 163 194 199 194 193 192 188 185 185 180 180 176 179 183 183 178 168 166 174 183 179 179 182 188 188 188 184 181 184 191 185 161 103 73 89 99 79 91 97 86 128 125 117 104 119 150 152 165 174 182 198 208 138 49 33 44
153 226 207 191 195 186 186 174 108 130 139 116 129 132 125 114 116 124 130 127 132 134 126 125 119 116 132 130 128 127 127 111 101 96 95 80 67 72 94 94 61 44 38 35 44 74 124 84 33 41 45 59 82 75 58 42 61 47 47 50 36 73 105 39 61 129 107 137 141 81 99 138 194 192 195 191 192 192 185 183 181 178 177 178 179 182 179 172 168 171 178 183 181 181 184 185 182 180 179 185 191 194 190 174 131 92 74 81 114 100 99 99 116 141 122 116 120 146 156 176 193 209 183 112 44 38 40 43
100 202 210 194 192 191 198 149 104 147 127 111 121 124 113 116 128 126 133 125 125 129 116 125 127 126 112 106 125 124 111 81 61 83 74 77 84 94 102 83 54 49 47 39 41 85 121 64 31 43 79 64 51 55 56 59 77 84 79 83 60 91 96 58 90 117 114 143 125 94 151 169 188 190 188 187 191 187 184 183 180 177 179 177 179 178 172 171 175 172 181 184 183 180 183 181 184 185 188 192 198 197 191 180 150 110 91 79 86 133 109 94 87 127 138 130 126 143 163 188 189 145 72 39 40 45 45 45
78 158 225 205 193 191 201 153 136 139 119 115 117 110 102 118 128 130 130 117 113 105 111 125 130 131 130 130 114 101 74 65 72 70 74 86 79 100 91 67 59 57 53 41 52 81 94 70 44 62 84 48 44 48 49 55 61 69 74 67 62 86 81 68 78 103 86 131 120 146 175 170 185 182 178 181 186 184 180 173 171 173 176 174 172 173 174 175 175 171 177 179 178 179 186 191 193 191 193 195 197 202 197 192 170 133 96 86 71 74 117 85 72 82 138 134 131 138 162 160 130 78 37 40 40 45 44 48
79 139 223 217 201 198 197 176 148 119 122 125 114 99 108 121 128 129 120 111 106 120 134 135 129 112 100 138 131 106 70 64 71 56 61 66 70 94 84 70 61 48 46 49 65 67 75 88 77 70 48 44 46 45 45 48 48 45 47 40 33 60 67 78 86 78 80 121 119 143 149 167 182 173 173 181 182 178 171 169 164 172 176 169 172 175 177 173 173 176 170 170 181 192 197 192 192 192 194 196 195 197 197 196 184 150 110 87 75 53 74 110 89 67 109 138 135 143 153 136 114 86 41 36 43 44 41 44
79 138 221 214 211 199 198 178 134 118 123 125 116 104 118 124 122 117 110 123 129 140 134 127 129 109 95 124 112 96 71 70 64 57 51 45 66 86 75 67 72 66 55 51 74 57 60 111 105 70 38 45 49 46 47 48 52 49 42 44 37 59 96 112 89 74 92 134 139 159 164 176 177 176 182 184 180 171 169 167 168 175 174 175 178 176 170 175 174 167 165 182 192 195 199 194 195 195 196 197 195 196 200 196 184 157 119 96 83 64 38 69 99 73 78 131 132 147 155 143 117 73 45 40 40 39 43 45
81 135 224 214 214 210 197 142 103 114 125 120 116 122 126 122 105 105 122 134 139 133 133 131 118 98 88 99 74 61 85 81 55 48 43 43 52 73 76 68 77 89 64 43 73 55 51 103 129 87 38 43 48 48 47 44 47 46 37 36 43 84 128 92 78 100 136 157 161 186 176 180 179 184 188 185 178 169 162 164 169 171 177 179 176 165 158 171 166 171 186 195 195 196 202 196 196 195 197 196 198 196 197 196 182 165 133 98 82 65 46 41 93 86 74 118 135 137 151 148 118 60 42 42 41 42 46 46
82 135 220 216 210 218 177 109 96 117 123 114 119 122 125 112 102 115 135 137 134 131 124 121 125 88 50 58 46 54 90 62 44 46 45 47 44 73 89 63 72 93 66 39 72 65 33 75 126 126 66 42 41 46 46 41 40 34 33 35 92 125 108 78 119 153 140 158 172 182 180 180 185 188 187 181 171 162 158 162 165 167 178 181 171 155 157 167 177 185 189 195 195 197 202 199 198 195 195 198 201 200 199 196 190 170 135 101 84 63 45 42 57 85 70 99 142 136 154 153 99 51 50 46 47 47 46 46
87 121 217 218 213 212 147 96 101 108 114 111 116 120 112 108 119 129 126 122 129 130 116 123 128 91 40 39 49 72 73 48 44 44 45 48 44 55 88 75 61 83 79 41 66 78 31 47 81 139 112 87 87 58 36 38 34 32 31 90 158 117 84 122 175 164 123 152 186 179 179 185 191 193 186 175 165 161 157 162 168 175 183 178 163 158 169 173 182 184 188 195 192 194 200 200 198 199 200 201 202 204 203 203 195 177 145 106 88 69 40 42 40 81 72 80 148 146 162 156 84 44 48 46 43 45 47 48
94 101 197 222 219 196 113 102 106 103 106 116 114 116 109 122 128 130 130 108 111 121 112 114 110 97 48 38 63 96 56 39 41 46 47 45 47 47 60 83 68 65 75 57 70 81 40 52 54 135 95 57 77 62 38 35 30 27 84 158 139 99 124 181 170 160 128 134 182 180 172 189 190 188 179 167 162 161 158 160 173 185 179 160 155 166 171 175 183 187 191 195 194 196 201 201 200 200 203 203 207 209 207 208 200 184 160 116 93 76 42 40 44 63 76 70 139 154 168 152 75 40 46 43 45 47 46 51
98 89 165 227 222 181 108 108 113 114 110 114 106 102 127 137 120 121 124 99 79 92 90 75 70 77 59 44 81 94 46 40 39 53 51 54 52 46 45 65 77 65 60 62 81 71 49 61 52 131 95 30 35 36 34 30 24 67 161 142 101 133 183 178 161 165 141 133 164 168 166 189 181 177 176 167 168 165 162 167 180 173 148 155 164 172 175 182 184 192 194 199 197 198 202 201 199 200 202 205 208 209 209 211 204 192 168 127 99 83 50 34 40 49 72 65 109 160 172 157 78 43 51 46 51 57 53 56
104 95 130 222 228 163 108 109 118 122 116 102 99 121 136 126 131 120 92 91 69 68 85 58 62 80 55 42 94 82 41 41 44 66 58 57 47 45 51 51 55 63 56 51 87 89 81 68 36 95 118 38 38 35 33 26 58 149 149 103 127 178 178 166 163 166 145 142 175 161 171 191 187 180 169 168 170 170 170 173 165 147 153 163 168 171 176 186 185 190 193 196 196 198 201 200 200 201 205 207 206 208 208 211 208 196 177 141 107 85 58 44 39 39 57 68 77 152 166 165 94 50 58 48 47 51 51 56
111 105 106 186 234 167 106 113 115 118 117 104 118 125 126 124 133 138 119 112 104 89 70 44 48 46 38 48 97 73 36 41 63 69 50 56 44 51 58 47 43 62 56 49 66 107 122 88 43 62 125 50 30 31 28 53 140 156 117 125 178 176 176 173 165 170 148 145 176 171 178 189 194 181 167 169 170 170 168 157 146 150 163 167 168 173 182 189 189 189 194 197 199 197 200 202 200 202 206 209 209 208 211 212 207 199 185 150 112 84 63 46 34 36 45 70 67 141 166 165 106 52 50 56 46 51 51 54
115 109 99 135 228 193 115 115 112 106 113 125 128 121 117 133 131 128 109 104 87 63 50 54 59 38 38 41 86 71 37 48 63 51 58 56 43 54 56 45 53 62 43 56 79 89 90 98 83 76 149 94 28 24 43 128 154 119 119 174 181 171 184 179 174 178 157 145 164 166 184 196 197 176 166 170 164 163 153 146 156 159 165 169 167 174 182 189 191 192 194 195 198 200 200 204 202 201 205 207 208 209 210 210 209 204 189 158 117 88 72 45 33 34 39 70 68 131 175 159 101 61 51 56 53 56 52 53
117 114 108 109 193 211 128 117 114 104 121 131 120 131 132 125 130 105 97 88 57 47 55 83 57 35 39 37 74 89 60 67 46 50 63 47 48 57 52 49 69 62 39 42 95 81 72 74 62 59 139 94 23 34 112 158 120 113 159 181 167 175 186 188 178 180 155 142 158 164 186 201 187 167 162 164 164 154 149 156 160 165 168 172 170 175 183 186 192 195 195 196 196 200 202 203 203 203 206 207 208 210 211 212 212 206 194 165 125 98 78 52 37 38 40 54 69 106 178 160 108 75 45 45 48 56 57 54
120 115 113 111 144 200 134 119 105 115 133 133 128 130 136 132 121 97 66 47 51 50 95 93 41 37 44 38 50 98 71 43 45 76 69 44 51 55 42 55 74 55 49 44 75 55 73 62 31 26 86 123 34 92 157 126 115 150 172 163 172 175 187 189 185 182 150 129 159 178 193 191 173 161 156 162 155 154 160 160 164 170 172 173 174 174 181 184 192 192 192 197 198 198 203 203 202 204 205 207 209 208 212 213 214 210 200 171 137 104 84 60 44 42 40 45 69 87 169 171 116 70 40 49 51 54 55 59
117 115 118 127 125 147 121 116 112 131 137 134 137 128 126 125 98 68 44 66 50 34 77 81 36 54 56 43 37 56 82 43 62 87 54 43 51 50 38 66 68 65 61 44 40 53 80 70 27 28 44 108 102 151 137 106 141 175 160 160 165 177 187 185 187 185 164 125 155 189 192 173 161 154 152 155 153 156 161 162 168 172 170 173 175 176 179 182 190 193 194 195 200 198 198 200 202 202 203 206 209 208 211 212 213 212 205 179 146 109 91 74 49 43 38 38 74 84 152 179 118 62 57 47 47 56 57 58
103 106 131 136 92 98 115 103 128 127 134 138 126 126 124 103 83 47 55 82 37 28 81 82 44 75 46 51 39 36 53 81 101 71 45 36 53 48 37 79 58 49 70 53 48 43 102 94 27 28 26 67 140 137 106 134 179 161 159 158 161 169 185 187 184 186 180 148 165 185 172 166 159 153 156 162 161 159 162 164 169 173 172 173 175 179 178 181 188 191 195 197 197 197 196 196 200 200 203 203 206 207 209 210 213 208 203 191 155 116 94 79 50 38 39 39 64 81 141 182 131 69 51 48 46 56 54 56
117 121 141 95 94 131 151 115 119 126 127 130 125 116 125 114 77 42 87 83 32 29 86 99 58 48 42 51 60 54 78 103 74 57 40 39 55 44 40 90 48 41 89 73 49 56 99 48 39 29 43 114 119 87 121 178 166 160 163 159 158 165 185 191 183 184 181 170 180 177 169 162 153 158 164 166 164 163 165 167 169 176 175 174 176 178 175 177 186 189 192 196 196 194 194 196 199 200 202 202 205 207 208 211 211 209 207 196 161 118 96 80 50 37 40 40 59 73 124 183 143 77 51 55 57 64 57 60
114 118 163 137 122 148 190 151 111 120 127 133 120 119 130 86 43 55 101 73 29 31 83 115 57 31 46 38 63 90 103 81 67 49 41 43 55 48 52 87 36 38 98 72 31 86 59 44 49 31 100 151 92 104 178 175 163 171 171 164 157 167 186 189 185 188 181 180 185 168 136 131 146 153 158 163 166 167 169 170 174 175 177 178 178 176 176 181 182 185 190 193 196 194 194 195 197 197 200 203 202 206 207 211 210 207 207 197 167 127 91 67 47 38 39 42 54 63 113 186 151 81 66 58 61 72 57 55
172 159 149 79 60 73 90 118 128 120 128 127 112 122 111 55 53 81 101 47 32 43 98 107 36 37 50 53 69 69 57 58 44 39 40 43 49 49 56 66 30 49 104 62 43 90 60 55 30 75 156 117 92 168 188 162 172 181 173 157 150 165 185 192 191 191 189 187 144 83 81 108 118 129 141 146 151 159 168 173 175 177 179 179 176 174 175 177 180 183 188 193 196 195 193 191 194 196 199 200 200 202 206 208 209 206 201 190 164 121 72 52 46 40 38 38 49 65 96 185 160 91 61 57 60 59 63 60
203 122 83 32 30 31 37 116 160 175 133 109 102 101 58 49 79 92 87 34 36 59 129 97 26 47 50 48 51 46 48 58 43 42 50 50 46 56 63 63 41 61 92 67 59 72 37 26 51 144 130 88 145 189 167 171 180 191 171 151 151 171 189 193 196 197 184 125 79 85 97 98 94 100 95 99 114 127 145 162 171 178 182 180 176 176 176 173 174 182 184 191 193 192 189 189 192 193 195 199 200 201 206 206 206 200 185 161 132 96 61 51 44 38 37 37 51 74 78 185 164 109 54 52 68 62 54 58
178 85 48 49 38 40 79 143 182 195 136 86 73 80 52 56 82 113 64 35 44 81 128 104 26 41 39 46 64 68 50 64 59 42 53 47 41 47 70 98 57 63 74 70 54 55 29 39 116 151 89 126 182 168 172 179 190 194 163 150 159 181 188 194 199 178 129 113 134 142 140 128 115 106 87 66 66 74 89 112 140 165 177 178 174 178 177 172 172 177 185 190 194 193 187 186 188 191 194 199 200 201 205 202 186 162 136 117 98 77 58 53 44 38 39 41 51 65 63 171 174 125 60 46 59 68 61 60
159 132 64 46 33 36 83 145 140 97 105 71 73 84 53 71 94 83 40 40 71 94 90 112 29 36 43 72 70 60 66 60 77 44 53 38 39 33 39 82 83 91 55 74 58 41 28 85 162 114 113 184 172 165 179 189 198 181 151 153 171 186 194 200 167 121 125 144 154 153 149 160 154 141 120 98 79 69 62 62 76 104 144 167 172 171 168 170 174 175 184 188 192 191 189 187 193 193 190 194 194 187 168 139 113 91 77 78 91 90 86 83 55 43 44 41 47 57 63 169 171 134 71 52 52 68 69 67
148 130 47 59 61 27 77 136 127 84 83 91 69 62 59 95 90 48 41 62 108 69 56 128 52 35 47 71 61 45 53 65 97 65 44 35 40 38 37 50 85 115 51 66 51 23 48 142 150 112 168 184 163 174 183 196 196 166 149 163 184 197 202 154 110 123 130 140 146 144 120 142 166 156 133 134 105 95 87 75 69 70 97 135 163 166 165 168 170 174 179 186 191 191 189 186 191 191 185 187 168 133 96 82 90 93 104 108 133 120 109 97 64 52 44 38 40 59 62 162 169 132 83 51 50 70 63 59
152 174 113 120 141 77 103 130 144 111 63 70 46 52 70 110 95 59 62 98 100 33 38 111 81 37 42 75 56 36 35 54 106 84 36 37 39 46 43 39 42 64 82 42 28 31 115 146 104 156 189 165 170 182 193 199 186 164 160 177 198 200 134 96 111 115 113 120 121 125 78 87 155 138 105 117 97 118 109 101 100 96 99 118 147 157 158 163 163 168 181 186 193 195 192 188 189 186 175 166 131 107 102 111 122 102 103 110 117 95 83 80 61 66 47 43 44 63 58 151 174 128 93 52 45 63 62 60
151 181 174 166 172 138 101 81 87 64 55 54 51 76 102 110 55 77 78 101 86 27 34 78 89 42 44 83 61 38 34 47 88 104 49 36 42 45 46 44 42 35 48 55 23 72 158 108 127 192 170 167 177 191 201 200 183 170 174 197 197 116 79 94 95 96 80 74 76 74 48 55 98 75 51 66 81 125 103 119 120 116 114 120 134 146 155 159 157 164 177 192 194 196 193 189 191 190 170 146 131 126 110 84 76 56 56 65 68 66 70 69 68 64 42 38 43 67 60 149 178 122 104 57 43 66 69 63
154 154 125 125 155 113 46 41 29 33 63 82 78 92 134 80 47 86 84 103 80 33 41 74 76 56 38 87 59 34 36 41 52 111 100 49 36 42 46 47 42 36 36 32 41 138 140 105 180 179 169 174 185 198 201 192 183 179 196 192 102 67 78 74 57 61 57 53 49 48 48 49 45 42 41 37 44 68 105 144 129 124 127 125 136 140 150 156 156 164 178 190 193 194 197 197 194 185 156 115 88 68 52 48 45 45 46 50 54 55 60 65 69 47 43 38 36 69 58 141 180 130 103 74 48 61 71 60
156 144 106 63 85 92 42 32 28 64 114 90 73 117 105 86 70 90 79 124 83 33 43 74 48 70 48 91 67 37 38 35 32 65 124 111 67 33 34 45 46 37 37 24 95 160 106 156 191 165 174 178 188 201 197 189 185 192 193 100 55 68 57 53 50 49 52 48 46 44 44 51 67 74 49 38 39 36 62 116 136 132 128 126 134 140 144 150 156 164 178 189 198 200 203 202 193 154 94 62 49 48 48 55 59 47 47 50 57 59 52 60 56 44 45 40 40 65 53 134 181 131 98 76 59 57 68 59
135 130 87 58 65 49 35 26 69 127 92 49 88 98 47 78 87 81 91 143 70 30 45 73 45 58 67 95 83 38 45 39 38 35 72 120 106 77 52 37 40 35 27 55 151 120 120 197 172 167 175 181 192 202 196 189 196 193 103 64 68 60 47 47 46 48 49 47 42 47 50 75 136 159 107 55 35 38 33 63 120 137 128 126 133 138 143 148 153 163 178 191 202 206 208 207 153 67 47 46 51 55 62 87 125 88 51 40 49 55 57 55 46 48 48 39 43 66 51 130 185 137 89 73 56 65 74 59
121 133 83 75 43 36 40 53 119 96 34 67 106 40 31 64 107 98 104 115 50 37 45 57 47 45 42 85 101 40 46 43 44 42 44 61 53 69 88 54 37 29 27 113 148 95 172 185 166 176 177 180 198 201 194 199 195 114 69 80 67 50 40 47 64 60 50 58 34 47 75 78 168 209 180 140 64 42 69 64 102 130 121 122 132 135 142 145 152 162 173 194 208 213 216 175 77 41 46 42 44 61 125 111 166 135 78 41 40 50 54 56 47 47 48 37 43 69 46 123 184 138 90 85 60 70 74 60
153 124 54 59 35 41 76 101 70 36 54 90 64 37 39 71 119 93 99 102 47 46 47 42 38 46 37 63 117 56 50 37 40 45 49 47 38 43 57 46 48 58 71 151 105 139 201 168 176 183 181 192 204 199 200 203 129 80 89 71 50 46 42 55 93 85 61 93 50 48 92 49 147 211 202 196 140 68 99 107 92 121 114 118 130 134 139 141 149 164 181 199 216 220 200 113 60 50 67 51 42 63 96 97 171 158 101 59 44 52 46 53 49 46 50 46 45 77 44 122 182 145 90 92 67 76 68 58
107 65 34 37 35 71 116 72 35 54 80 56 69 54 43 75 119 80 115 112 45 45 44 45 45 45 37 46 113 84 46 40 42 42 51 48 37 43 41 35 35 50 112 114 102 180 172 150 158 176 189 201 200 196 205 148 92 111 105 85 73 56 41 63 96 117 69 77 88 84 68 74 185 213 208 207 184 105 79 120 95 107 110 115 121 128 134 141 154 166 184 202 216 217 166 89 97 68 82 87 70 92 61 94 177 160 112 65 46 43 40 45 46 43 48 47 48 80 40 116 184 157 86 91 76 83 64 60
38 41 36 39 64 94 70 53 51 71 70 54 69 67 59 94 131 90 125 118 41 39 50 47 53 49 38 42 89 80 40 50 45 41 50 48 40 38 37 43 35 75 126 80 141 165 150 163 176 188 198 198 197 202 150 99 112 126 125 116 112 91 49 50 92 121 108 66 61 62 76 157 210 207 206 201 178 132 97 117 114 105 119 117 118 128 135 142 155 168 188 211 219 213 138 98 131 117 73 92 94 75 77 154 179 155 108 66 50 46 42 46 42 45 40 38 57 84 40 109 184 160 87 80 81 83 62 53
40 35 32 55 97 86 72 74 52 62 82 73 79 90 80 99 117 77 114 128 52 43 50 42 55 48 42 43 59 52 46 58 42 41 46 49 37 38 32 41 62 137 108 108 187 155 167 181 188 197 199 196 198 149 103 117 118 122 132 137 134 118 80 65 95 113 128 122 96 109 162 200 203 207 207 190 149 141 133 110 128 118 117 121 124 128 132 137 151 170 196 218 222 203 124 91 118 145 116 89 87 101 155 188 176 150 102 65 50 50 47 51 51 43 47 44 59 80 43 98 180 166 93 74 89 87 66 48
35 48 76 119 123 101 56 41 32 68 71 85 87 77 74 104 130 66 120 139 86 61 50 43 49 38 36 44 50 46 57 57 47 46 54 50 39 36 32 38 110 138 93 173 191 156 174 184 194 201 198 197 139 94 119 125 127 124 134 146 142 137 123 106 95 94 125 135 147 158 170 182 191 197 191 177 157 144 131 120 132 127 117 117 126 128 126 139 152 171 196 219 223 197 134 100 96 118 141 139 140 161 178 173 158 127 88 52 52 64 54 55 53 47 55 49 64 80 44 95 178 175 104 77 93 78 61 52
81 105 118 90 89 76 31 34 39 95 62 78 83 70 80 102 140 89 133 130 95 58 83 50 42 38 39 44 48 46 48 45 47 49 49 44 35 34 26 65 149 98 129 199 169 169 182 190 200 200 201 142 90 110 126 127 133 129 135 144 144 143 141 123 122 123 109 112 112 121 139 142 145 146 148 173 177 171 165 145 129 124 121 121 126 128 128 138 149 168 192 218 225 198 169 160 147 133 145 144 134 145 148 128 102 84 62 46 76 78 58 55 54 45 59 51 66 73 38 90 169 179 118 75 90 77 60 55
129 73 46 72 106 44 33 42 48 94 71 78 100 53 63 103 124 108 130 105 87 123 80 33 42 43 46 41 44 46 47 42 50 53 43 38 35 29 36 122 132 92 172 178 162 176 185 196 202 204 143 83 105 121 130 134 139 137 140 143 144 142 145 141 144 135 114 122 102 112 134 126 109 113 127 155 156 167 157 140 123 118 125 130 127 128 127 135 148 163 187 217 227 204 170 162 151 143 142 124 108 112 110 89 59 63 74 79 85 82 56 53 51 39 50 51 74 75 42 87 166 182 132 78 85 82 53 48
143 122 86 130 111 79 66 49 41 76 79 68 105 71 53 105 100 122 127 118 136 104 32 41 51 44 50 47 44 47 46 44 50 51 45 35 30 26 86 154 101 123 179 162 174 178 189 201 207 149 74 91 113 126 130 135 144 142 143 147 149 144 140 142 150 142 132 137 124 129 135 137 127 142 147 155 150 147 145 147 127 120 131 134 128 128 125 131 145 163 186 214 226 208 177 158 149 140 132 125 125 123 124 116 89 89 84 97 90 84 57 54 46 40 50 48 72 72 40 86 162 184 146 85 78 77 49 51
70 142 145 135 122 118 75 49 38 57 84 61 93 111 81 85 69 109 119 138 126 77 58 59 46 43 47 48 45 45 51 47 46 44 40 36 28 45 139 135 101 167 172 166 181 184 199 212 157 74 86 107 118 126 134 140 146 151 152 149 151 150 150 146 146 143 143 144 141 140 141 147 150 154 160 162 161 155 161 151 129 128 133 136 131 127 126 126 142 164 187 209 223 211 186 174 162 155 144 139 137 131 126 124 104 102 98 103 99 89 63 59 44 42 50 51 63 68 41 83 161 182 147 91 65 74 50 49
73 104 107 98 102 84 51 42 37 53 72 65 53 112 121 87 92 99 87 117 69 93 73 62 47 42 43 45 45 42 50 50 45 46 41 33 31 98 152 101 125 183 175 177 186 198 213 175 71 81 103 111 118 127 134 139 148 152 153 151 157 159 160 159 155 150 148 152 150 153 155 160 162 168 168 166 162 164 164 143 130 131 137 137 128 126 128 127 141 162 181 207 223 213 190 184 169 159 155 150 145 133 127 126 122 114 113 114 108 93 66 62 47 44 52 55 66 73 43 80 161 181 148 94 67 76 47 50
116 104 50 56 102 79 39 36 46 52 74 90 49 49 120 153 132 81 69 84 117 115 32 39 46 45 48 44 43 42 46 53 49 50 46 36 59 145 118 95 155 177 182 188 194 212 190 77 67 98 112 115 120 130 135 136 147 150 154 157 162 166 163 162 169 169 163 163 164 163 170 172 170 172 163 169 166 168 157 140 135 140 142 136 131 128 128 126 137 163 181 205 222 215 193 184 175 160 156 153 151 139 133 131 127 118 116 113 109 97 69 61 50 46 52 60 65 65 38 74 157 182 161 97 63 74 43 54
112 88 58 105 112 49 31 40 46 54 95 123 89 58 71 99 122 84 88 134 160 66 47 52 50 46 50 50 43 43 45 49 51 48 46 36 110 149 98 131 180 174 189 191 200 203 94 53 85 102 112 120 124 126 136 138 143 150 153 157 160 170 163 164 172 175 171 166 166 167 171 174 170 166 168 169 167 159 153 141 136 142 139 133 129 128 128 126 133 153 181 203 219 218 196 180 178 170 158 151 148 142 136 133 127 124 121 119 109 99 72 56 49 45 55 57 65 67 33 67 156 181 170 102 58 66 37 55
93 96 109 119 67 33 38 38 47 48 57 96 108 102 104 86 87 130 162 147 78 87 95 78 76 44 41 52 44 44 44 46 45 42 35 67 153 115 98 162 180 183 189 197 212 120 41 69 88 108 113 119 124 128 132 138 142 151 153 156 159 166 168 168 171 174 172 175 176 172 170 169 166 173 176 174 168 156 151 146 139 142 142 135 128 129 126 124 131 150 175 201 219 221 200 181 174 173 163 150 145 140 135 136 132 127 124 121 115 104 76 56 50 47 58 54 71 64 32 63 154 175 169 109 55 57 35 59
99 128 119 78 43 44 44 38 44 43 41 60 83 83 120 131 121 96 75 51 52 132 133 103 90 51 45 49 48 45 47 46 44 40 35 114 150 99 124 182 180 191 195 216 152 36 49 75 92 110 117 120 124 127 132 138 143 149 150 154 160 164 171 171 171 179 174 170 177 176 177 174 172 174 176 173 168 162 152 146 147 145 142 137 130 132 128 128 131 145 169 201 220 220 203 182 169 167 164 157 150 141 135 132 130 128 128 122 118 104 70 57 49 51 63 57 72 61 38 55 147 176 166 129 58 54 38 55
139 134 73 45 51 51 45 46 45 44 45 47 67 81 66 76 108 55 23 35 68 128 142 116 74 52 42 45 46 45 45 44 43 38 67 147 125 109 149 181 188 193 211 189 53 31 55 82 99 113 120 122 125 128 132 137 145 146 149 154 159 165 168 172 172 177 178 175 174 177 175 176 176 177 175 169 165 159 154 149 145 146 142 137 131 131 130 127 128 144 168 200 217 219 207 185 168 163 162 159 151 142 135 133 129 129 127 123 121 105 68 57 49 52 61 57 77 61 37 51 142 173 159 148 65 47 39 45
87 77 76 44 54 45 45 46 44 45 51 51 42 72 78 49 78 50 32 34 81 118 143 107 94 60 42 42 44 42 46 44 33 40 119 147 108 128 188 183 188 195 208 85 28 49 58 83 104 117 120 122 123 123 130 137 142 145 152 153 156 161 168 173 173 177 179 178 179 176 174 174 174 175 171 169 163 158 153 149 147 145 145 140 135 131 127 127 130 146 164 196 219 224 211 184 168 162 160 158 153 144 140 134 132 128 126 126 118 100 62 54 47 55 54 57 84 58 37 47 134 173 143 156 76 38 35 41
68 63 86 52 46 43 45 53 49 45 51 50 45 58 58 56 76 60 31 31 77 119 138 134 122 48 42 41 39 37 43 37 26 67 148 123 108 161 198 189 187 208 134 29 40 47 65 87 106 116 118 124 128 125 131 134 135 144 149 147 152 159 166 169 172 176 177 178 182 183 175 171 171 171 171 167 159 156 153 146 146 147 143 139 134 130 125 131 133 141 162 192 217 223 214 185 167 162 162 158 151 147 142 135 133 129 128 126 116 93 61 57 45 56 50 59 86 53 34 44 128 172 139 162 92 35 42 45
91 62 70 52 39 45 54 51 53 49 49 49 49 57 44 43 68 65 28 48 87 116 111 143 153 81 29 34 38 33 37 31 32 113 141 106 121 187 189 193 205 179 50 39 52 49 62 89 106 116 119 120 128 132 132 131 138 145 143 145 151 155 159 162 166 172 177 178 175 180 176 172 173 173 167 163 159 155 145 141 140 144 142 137 132 124 125 130 133 144 159 185 213 222 216 188 166 166 161 157 152 145 142 137 132 129 127 125 116 86 61 53 43 53 47 57 86 53 36 39 127 179 147 160 109 36 38 41
99 54 58 59 50 49 58 47 46 51 45 46 46 48 86 58 38 61 40 40 80 117 93 101 174 149 68 37 37 34 35 33 61 142 117 109 151 194 192 205 212 91 26 42 57 49 64 84 103 114 122 122 125 130 131 135 138 142 146 150 153 151 154 160 165 168 172 175 174 177 176 170 170 170 166 162 158 153 146 142 137 138 139 136 130 124 124 127 132 143 156 174 204 224 220 190 163 163 159 153 149 149 145 137 133 130 127 122 112 80 57 42 47 50 48 59 85 51 35 35 115 182 150 152 129 48 37 36
118 79 48 61 58 53 61 51 46 45 42 46 40 47 83 58 44 58 44 45 86 123 124 75 114 157 156 59 32 38 39 34 98 142 101 117 183 200 201 221 149 29 33 45 65 52 66 84 100 110 117 125 127 127 131 135 139 140 146 150 152 154 155 159 166 168 173 175 173 174 174 169 169 168 165 160 156 151 145 137 134 133 137 135 125 125 123 125 133 139 151 170 201 222 220 194 159 159 158 154 148 147 142 138 134 129 128 122 107 73 52 44 52 53 56 65 86 48 32 32 106 173 151 145 132 67 41 41
104 110 46 52 61 62 59 48 39 39 40 42 42 48 75 73 76 56 55 77 95 148 158 94 51 118 173 95 26 35 27 46 136 127 103 145 202 202 211 193 60 27 35 45 74 51 60 83 97 107 114 121 127 128 132 131 135 141 143 147 152 155 157 158 158 163 168 174 168 168 172 170 169 167 164 162 155 151 142 132 133 133 133 131 127 123 120 124 130 133 152 174 201 219 223 203 163 163 157 154 148 146 140 135 132 129 127 123 100 66 46 41 52 59 57 61 89 54 33 36 95 167 149 142 136 76 34 44
85 130 66 58 63 57 55 47 36 37 33 36 49 76 111 92 77 47 71 91 121 173 185 132 44 76 134 86 25 27 24 93 150 110 112 169 204 206 208 90 24 35 33 48 78 55 60 80 99 107 115 122 127 129 130 130 135 138 141 146 151 154 154 158 162 159 161 169 166 167 169 168 168 165 162 161 154 151 140 134 132 131 133 128 127 123 120 123 125 135 150 171 194 213 226 214 164 157 156 152 148 144 141 137 130 131 127 115 91 63 42 44 49 59 66 70 85 55 33 36 86 163 155 146 147 82 26 42
93 125 86 44 47 56 56 47 36 39 35 51 54 65 114 110 60 55 79 115 116 165 202 159 53 48 99 50 26 24 40 129 129 110 130 194 205 216 129 26 35 35 33 48 85 59 66 77 97 108 114 126 124 126 129 130 138 136 138 148 146 151 151 155 160 158 157 161 163 166 164 167 164 163 163 161 154 146 139 135 130 129 131 127 123 121 119 122 123 133 148 163 183 212 230 221 170 153 154 152 148 144 141 136 132 129 124 110 87 50 38 48 47 55 66 71 79 55 29 33 78 154 163 146 151 85 26 46
99 79 86 29 41 47 53 49 41 41 39 47 62 80 79 91 61 108 133 116 86 82 147 132 58 35 54 36 31 24 74 144 115 112 167 213 214 166 37 33 40 37 33 49 95 67 67 80 94 105 116 121 125 127 130 132 133 138 142 142 145 150 150 150 153 156 155 155 157 162 165 162 159 161 160 156 149 143 136 129 126 124 127 133 125 122 123 118 124 132 146 161 177 210 230 223 179 151 155 151 149 148 137 136 132 129 122 104 75 43 41 47 51 63 65 68 78 56 32 33 73 146 166 144 152 96 34 46
108 59 105 36 40 49 42 47 53 50 46 42 53 93 63 70 84 140 125 91 67 72 90 57 40 39 50 32 33 62 110 125 115 135 200 191 168 82 24 34 39 37 34 54 102 68 65 80 91 104 114 117 124 127 130 131 135 132 136 140 147 149 150 150 150 151 153 156 159 160 163 161 163 161 157 152 146 144 136 123 116 123 131 136 129 125 123 120 126 133 143 160 174 204 231 225 184 145 150 150 151 146 137 134 129 127 121 100 57 38 42 47 47 59 68 74 67 60 36 34 63 131 165 145 153 116 50 41
126 52 110 61 34 47 47 68 62 39 32 40 59 71 78 107 87 147 147 115 87 101 91 47 33 40 41 27 80 133 127 106 98 136 171 152 147 77 37 32 38 39 38 52 104 72 68 78 91 106 115 118 124 125 127 130 133 136 138 142 145 144 152 151 150 151 152 155 156 158 159 160 161 160 155 150 145 142 129 111 113 127 135 136 136 137 131 124 126 134 139 159 178 203 231 227 186 140 144 147 149 143 136 131 128 123 116 88 46 41 44 52 46 59 71 75 70 55 35 35 49 122 167 153 156 130 58 43
135 47 90 86 39 60 69 53 43 52 38 38 60 76 130 133 61 61 102 128 81 43 37 34 35 42 26 54 159 167 153 142 124 123 154 182 139 51 31 38 43 39 40 53 107 85 64 77 93 109 115 122 124 127 128 130 132 135 138 143 142 143 146 149 150 150 157 156 156 156 158 160 157 158 157 148 144 142 127 106 116 132 140 139 140 143 142 130 120 124 136 158 181 200 222 224 182 139 149 146 145 138 136 129 126 123 111 64 38 41 42 48 49 62 67 72 71 53 41 37 43 110 168 158 150 133 69 43
154 57 76 127 47 56 54 40 47 77 44 32 45 68 64 47 37 37 65 116 90 41 33 34 40 33 21 98 175 166 171 172 174 179 191 151 72 35 31 39 45 44 35 57 104 85 63 80 95 109 115 122 125 128 128 128 132 133 141 140 143 143 145 148 150 150 150 151 156 154 155 159 157 156 155 150 146 144 129 107 120 133 137 136 132 138 138 134 120 117 132 149 172 195 207 213 167 142 147 146 144 141 137 131 125 122 88 47 39 43 43 52 49 57 69 67 69 48 44 41 40 94 165 165 148 130 79 38
178 92 59 145 65 39 46 62 57 79 43 32 42 53 61 54 38 83 137 76 38 37 39 43 39 29 27 142 181 180 182 181 185 183 148 66 36 32 33 38 48 40 36 55 105 86 74 86 95 107 116 120 122 123 128 126 130 137 138 138 142 142 149 149 149 151 152 150 153 154 156 157 157 157 157 153 146 141 133 115 127 134 132 89 58 76 103 113 120 122 123 131 159 188 203 188 152 146 146 148 144 140 133 128 125 112 61 38 42 45 47 55 52 61 73 62 68 48 48 41 33 84 161 170 143 137 87 38
167 124 45 133 77 36 45 73 77 60 44 33 33 32 40 69 67 117 169 61 33 42 46 44 32 23 61 162 171 186 190 192 199 167 58 27 37 35 37 42 50 46 37 52 108 96 74 92 99 105 113 118 120 123 127 129 129 135 135 138 144 144 146 149 150 150 151 149 154 155 158 157 156 157 159 152 148 146 139 122 122 133 124 80 58 78 95 88 91 108 119 124 146 176 195 171 160 150 146 146 141 139 134 130 127 91 45 43 46 44 48 52 51 67 72 62 73 50 48 50 31 68 154 173 133 141 93 37
138 151 60 129 98 24 35 46 49 82 112 55 36 38 32 35 83 129 85 40 47 54 52 43 46 50 103 143 154 168 174 184 190 107 27 34 41 43 43 44 45 45 41 56 113 99 73 93 103 112 113 119 123 123 127 129 130 135 136 140 144 145 144 148 150 146 149 152 153 152 154 156 158 156 157 155 148 147 145 130 118 122 124 125 123 127 127 116 104 99 113 118 136 177 184 169 161 152 147 141 139 138 130 132 118 67 44 49 51 41 49 54 54 68 74 59 74 50 46 55 31 54 145 173 139 144 104 41
120 157 99 121 117 27 32 50 36 107 171 99 48 27 31 33 105 110 51 26 62 77 89 94 99 120 114 115 128 124 159 194 107 31 33 36 57 75 63 46 41 41 47 57 116 107 79 89 106 112 115 120 125 124 125 129 129 132 135 136 140 146 144 147 147 144 147 148 153 149 152 157 157 157 156 156 151 149 148 141 132 129 123 127 132 132 133 123 117 124 138 156 177 190 179 166 157 153 148 143 137 133 131 129 97 46 44 49 50 44 50 55 55 74 83 64 75 50 46 50 34 43 134 176 140 139 112 52
104 128 131 122 133 51 30 53 39 97 168 158 65 22 23 70 93 59 68 52 84 103 109 130 161 157 104 101 101 126 209 176 39 35 38 42 51 65 60 47 46 41 35 58 120 103 82 89 108 114 117 119 121 124 126 128 126 131 133 135 137 142 144 143 143 146 150 147 153 152 153 153 154 158 158 155 155 154 150 147 145 142 133 130 129 134 144 141 131 154 187 200 196 189 175 165 154 150 146 143 138 133 130 122 69 43 45 47 46 45 52 56 58 80 82 73 70 55 54 51 39 38 121 175 141 133 106 61
81 98 142 126 146 88 36 48 47 79 138 124 67 35 49 75 45 55 93 107 109 111 134 172 184 111 99 104 122 179 209 76 36 48 51 48 51 55 58 52 52 47 41 60 117 105 84 90 105 113 119 122 123 123 122 125 129 130 133 137 137 142 145 142 143 143 145 147 153 153 154 156 159 158 156 157 155 156 152 149 147 145 141 137 138 146 167 178 153 159 191 199 193 190 178 164 153 148 144 140 134 130 131 107 51 50 46 45 45 47 50 62 57 90 73 74 75 52 63 53 41 34 105 171 145 130 102 70
94 87 145 105 142 118 67 59 69 76 109 94 60 61 70 41 33 59 126 133 132 154 169 189 136 84 91 114 166 211 117 36 48 55 57 53 54 57 61 57 51 47 43 60 109 106 92 93 106 114 120 124 125 125 128 128 130 133 139 138 140 140 139 142 143 143 147 151 152 152 153 155 156 158 157 156 153 150 153 150 148 147 144 142 147 160 186 197 168 165 190 199 192 192 177 161 152 144 145 142 134 134 128 74 44 50 49 49 47 47 58 70 56 90 73 70 71 57 62 56 46 33 89 168 152 135 100 79
104 76 118 105 135 127 86 68 94 89 89 89 60 51 61 31 45 120 163 142 161 169 183 175 91 91 84 107 198 140 35 39 44 45 49 52 51 56 65 63 56 48 44 52 106 111 96 93 108 113 120 124 124 125 127 126 130 132 135 139 141 140 140 137 138 140 143 146 151 151 151 152 149 154 153 155 152 148 150 149 147 146 145 146 152 167 196 203 181 169 191 200 196 197 176 159 150 143 146 140 135 137 108 48 46 49 46 46 45 45 61 67 61 91 68 69 70 58 62 48 41 34 71 157 160 139 101 92
80 73 103 123 132 139 97 51 112 109 64 62 46 28 52 63 86 144 157 149 169 186 199 130 91 90 88 153 168 46 31 43 52 46 46 47 45 52 67 61 50 49 39 48 102 106 99 89 105 113 117 120 124 125 129 129 127 131 136 135 139 139 140 139 141 140 141 142 146 148 149 150 148 151 151 155 153 147 145 149 151 147 150 152 158 173 204 206 189 171 193 205 198 191 174 160 147 143 143 137 136 131 75 40 46 49 48 49 44 48 64 64 66 87 70 69 70 62 60 46 38 32 65 149 157 131 100 96
71 64 109 135 118 122 121 73 151 95 44 39 53 56 67 99 105 116 141 158 174 200 161 90 91 85 124 180 73 31 44 47 55 57 47 50 45 55 67 67 50 48 41 44 94 102 107 85 103 111 115 121 125 127 128 129 128 131 136 135 138 141 140 136 142 139 140 141 140 144 147 149 146 148 147 154 150 148 145 147 149 151 153 154 161 177 208 208 191 167 184 205 199 190 176 155 141 144 142 137 138 116 51 45 45 46 48 48 46 50 65 60 74 85 71 71 61 61 58 52 43 35 67 142 159 127 102 105
96 53 57 112 134 110 123 135 148 53 37 40 47 109 115 97 95 120 149 162 192 185 98 90 86 103 183 95 28 37 49 68 51 52 46 52 50 51 66 75 58 47 40 42 94 101 105 85 93 108 114 123 124 127 126 127 129 133 136 136 138 143 139 140 140 136 137 139 139 140 143 145 144 145 143 147 144 144 145 144 147 150 153 156 163 181 206 212 194 177 200 210 203 195 180 151 138 141 138 138 136 84 39 44 45 53 53 45 46 56 58 64 74 79 71 71 59 60 59 50 42 33 61 135 163 132 107 101
92 89 42 60 129 130 123 156 93 24 30 49 105 140 159 151 131 141 179 188 196 114 93 93 100 161 143 36 40 35 64 92 56 49 42 51 49 50 63 78 68 43 40 41 87 96 101 88 88 104 114 117 122 126 127 129 129 131 135 138 138 138 140 139 137 135 136 139 141 141 138 140 143 143 138 141 145 142 142 141 147 153 158 159 163 168 179 187 197 203 192 179 173 182 180 146 130 133 138 141 122 56 40 43 46 59 55 45 48 53 60 69 76 83 70 70 74 65 67 51 38 33 49 127 167 134 113 109
65 105 88 48 67 92 112 139 124 55 25 80 111 115 162 198 195 193 204 198 127 87 93 89 142 176 51 35 39 37 65 102 54 45 42 51 53 55 68 76 66 45 43 42 88 90 98 85 82 98 112 119 124 125 130 130 127 130 133 134 134 137 140 141 138 136 136 140 137 138 134 131 134 136 137 142 142 143 143 144 147 146 146 140 138 133 142 144 154 166 155 148 145 154 153 121 118 133 141 142 87 41 45 46 49 53 49 49 52 52 67 66 69 84 75 74 77 61 67 55 36 36 43 120 168 128 114 120
65 72 112 82 57 92 99 123 117 108 89 143 135 108 157 194 209 208 205 145 87 103 87 115 189 94 25 37 44 41 48 82 51 42 45 47 51 59 67 69 73 46 42 42 91 92 92 82 78 96 108 114 121 128 130 129 125 128 130 131 133 134 139 143 142 139 140 146 135 109 97 110 121 127 131 137 133 131 129 127 122 122 124 120 118 115 123 131 136 140 117 99 112 120 104 94 118 142 146 126 56 44 44 45 52 48 48 48 52 51 72 62 68 77 72 82 71 54 61 60 37 37 41 108 166 125 118 129
77 60 73 112 112 109 64 96 87 69 130 154 129 135 183 192 208 210 171 87 104 95 97 177 156 33 44 48 52 41 41 71 61 39 47 44 50 59 57 68 80 50 36 40 85 81 88 89 71 92 106 116 118 126 132 129 125 126 128 130 135 137 138 141 142 143 143 146 130 91 79 80 80 88 98 102 105 104 110 105 97 96 91 85 91 98 110 117 122 114 89 80 93 110 111 114 134 146 146 93 39 46 43 48 55 47 46 48 54 59 73 58 75 71 71 81 69 46 61 74 45 38 40 94 160 134 133 135
105 87 73 89 144 120 55 70 55 66 113 130 127 136 186 219 215 205 127 86 91 94 156 187 64 35 45 49 47 43 42 58 67 45 46 48 53 56 57 62 80 57 39 41 82 81 85 87 74 89 100 113 120 123 126 126 124 124 128 131 135 137 135 137 144 147 145 144 129 117 121 115 102 93 91 95 102 107 113 112 111 109 105 101 105 107 116 123 126 128 130 121 120 135 133 132 145 147 126 52 41 45 45 51 53 43 43 50 53 67 64 53 78 75 72 81 68 43 62 82 47 41 41 82 155 141 138 144
102 105 98 94 91 93 91 66 83 106 145 148 136 122 151 227 216 161 97 98 92 142 199 102 31 49 53 51 48 43 41 59 61 48 43 53 60 59 58 57 74 64 42 44 81 78 78 83 77 87 99 109 116 119 124 123 121 125 126 127 131 135 135 135 143 147 146 144 141 137 130 128 126 124 122 119 120 124 131 133 132 140 147 147 152 153 160 174 178 180 162 137 133 140 144 144 145 141 82 38 46 47 47 53 50 46 46 51 59 67 55 59 82 72 74 81 75 51 62 88 49 43 41 75 149 148 138 148
111 95 80 92 57 59 108 95 115 126 146 150 135 119 123 209 188 107 95 109 145 199 142 43 49 51 54 52 47 41 41 53 56 52 42 47 59 56 60 57 69 65 43 47 78 74 74 82 74 76 94 106 115 114 119 121 120 123 124 125 128 129 133 137 142 146 144 144 148 143 133 129 124 126 127 128 121 121 128 133 137 153 168 181 184 185 184 199 202 196 160 134 136 142 149 143 141 111 46 42 43 47 50 51 47 41 43 54 54 52 50 65 88 70 75 79 62 52 64 85 54 38 43 73 150 157 140 148
102 120 99 87 67 63 81 98 129 129 143 150 128 118 163 205 116 93 117 153 182 157 57 43 49 50 52 53 49 44 43 43 54 54 48 43 51 58 60 61 69 70 48 43 67 67 75 83 66 74 90 102 109 113 117 118 118 121 121 122 126 129 126 132 137 142 143 146 147 143 138 135 127 124 121 127 126 127 125 125 132 149 150 157 164 163 153 157 165 166 142 133 142 147 151 143 134 67 38 43 43 45 53 49 46 40 42 51 65 48 44 65 96 71 83 83 64 58 65 84 61 43 43 71 145 161 144 150
63 93 131 102 104 84 95 95 134 153 142 152 115 130 212 171 86 125 155 194 161 67 42 52 48 49 55 57 53 46 43 49 52 53 52 49 48 64 57 58 67 68 50 45 70 77 75 80 61 71 85 99 107 110 114 114 114 118 120 124 124 128 126 129 135 139 140 143 146 143 140 136 132 131 124 121 122 128 130 127 127 136 141 143 146 150 144 139 141 140 132 141 146 151 144 141 104 44 44 46 44 46 55 47 48 45 50 48 63 48 46 68 92 64 79 87 65 67 59 83 62 45 46 70 142 163 150 152
81 57 94 132 112 114 136 110 110 168 160 141 113 132 201 145 118 156 189 188 96 43 55 53 52 53 59 55 61 53 50 55 53 48 53 55 53 55 63 58 70 70 55 48 68 79 73 78 63 67 78 92 104 104 106 111 114 117 120 123 123 129 131 132 135 136 136 138 141 143 142 137 133 132 130 126 125 124 123 123 124 128 134 133 142 140 136 134 128 128 141 150 146 147 141 121 76 39 46 47 46 50 55 48 55 47 54 51 61 51 46 72 88 63 80 84 72 66 54 87 66 47 45 67 143 165 151 151
99 62 55 92 132 135 109 126 98 127 147 135 125 138 200 163 160 176 209 105 46 51 52 54 54 55 57 58 59 49 50 57 54 50 52 62 62 56 65 60 63 70 61 49 58 75 68 84 65 65 72 80 94 104 105 104 110 114 118 117 121 127 130 128 133 134 136 138 139 142 139 139 135 132 132 130 131 127 124 118 117 116 119 120 124 119 116 117 127 147 153 147 143 144 129 77 64 40 43 40 41 47 44 49 57 56 51 52 56 51 46 82 86 70 80 83 72 62 56 84 68 45 45 64 137 166 147 153
106 71 70 79 135 138 113 109 94 101 117 116 122 159 201 149 164 199 137 42 46 50 49 51 51 53 54 57 54 44 43 55 49 50 53 54 59 61 54 61 58 60 57 49 53 71 65 81 65 59 72 79 85 97 103 102 106 105 113 117 119 124 128 129 131 131 137 137 139 142 138 138 135 135 132 129 131 128 129 130 128 121 116 119 119 123 127 139 149 155 149 138 141 145 92 58 63 40 45 42 44 48 51 52 59 67 53 54 53 54 43 86 94 68 79 93 70 62 61 81 68 55 52 62 136 173 151 155
110 95 114 112 90 117 132 105 67 112 127 107 113 156 200 164 202 162 47 46 50 52 52 50 48 56 56 56 58 49 49 56 52 51 52 51 56 59 55 57 59 59 65 56 48 62 59 76 70 55 69 80 83 89 92 101 104 106 111 116 121 125 127 127 133 132 134 138 136 138 137 137 135 135 134 135 134 132 137 142 142 142 143 145 145 148 151 155 152 152 140 139 145 129 51 61 60 45 42 44 45 51 56 52 56 63 51 51 50 52 42 83 95 73 79 89 68 63 60 80 77 47 48 55 134 172 152 156
107 109 126 79 77 110 132 117 49 98 123 114 126 175 218 207 190 79 40 43 47 52 46 48 45 52 56 53 58 45 44 57 49 50 53 48 50 55 59 57 56 60 63 55 44 57 60 62 68 54 59 70 71 85 89 96 103 105 110 112 119 126 125 125 133 132 136 136 135 137 138 138 138 139 137 139 141 140 147 151 153 159 163 163 158 156 155 157 154 149 143 144 146 91 38 71 56 42 41 45 48 50 50 60 54 60 52 53 49 51 44 88 96 69 77 87 75 69 68 79 74 48 53 51 130 173 158 157
112 113 99 79 82 84 124 124 95 119 96 94 113 161 217 196 92 42 48 49 52 55 55 50 50 52 57 58 57 45 44 57 51 52 56 47 46 46 58 57 55 61 66 53 46 53 62 58 69 57 53 69 63 70 82 92 98 102 107 109 114 124 126 127 131 134 135 136 137 137 139 141 140 142 145 150 150 147 148 155 164 166 169 171 163 158 155 156 153 149 145 150 134 51 39 64 49 42 45 47 46 50 57 63 62 62 49 54 48 49 47 95 97 70 83 84 74 69 73 83 72 56 55 51 127 176 160 161
124 117 114 103 78 68 123 126 113 139 92 76 108 121 195 125 35 56 48 48 51 49 50 50 48 53 63 56 55 44 47 59 51 48 55 49 43 47 50 57 53 55 62 56 48 50 61 59 62 56 50 72 69 49 62 80 87 93 101 103 111 118 124 131 132 131 133 136 137 136 141 142 140 146 148 156 159 155 153 159 166 169 170 169 169 161 162 161 155 148 150 152 105 35 47 68 44 43 46 47 49 56 62 57 63 51 54 64 47 49 53 96 98 72 86 91 74 64 74 81 65 69 54 51 132 173 157 161
130 133 125 122 102 69 119 137 98 150 110 57 101 122 183 100 55 67 44 48 50 51 50 50 47 62 71 56 53 41 47 58 52 43 51 55 45 47 48 51 54 57 54 59 53 54 59 57 61 61 51 69 75 51 47 59 72 82 93 95 102 111 118 126 128 129 131 134 136 138 144 146 144 150 152 159 166 165 162 161 164 169 166 161 168 167 166 163 153 144 153 147 74 35 57 68 42 47 52 46 51 55 63 56 61 45 61 63 45 49 58 100 104 73 85 91 71 69 73 74 60 79 49 46 130 175 158 158
136 142 113 123 129 102 113 144 118 146 123 86 89 98 86 70 82 56 50 52 59 52 48 52 50 56 62 60 55 45 50 62 50 48 49 58 48 44 48 48 55 57 56 53 55 56 58 57 57 66 55 61 76 61 45 44 52 67 80 87 92 105 117 120 125 128 132 134 134 138 143 145 145 149 153 155 165 171 167 165 166 166 165 164 168 173 175 163 150 146 154 127 53 37 60 60 47 52 52 49 52 53 60 66 53 44 56 54 46 50 55 99 104 74 89 88 71 77 79 76 60 79 58 46 125 181 160 160
106 120 117 133 141 114 107 121 137 149 105 94 96 107 52 61 62 53 48 49 56 53 47 48 48 57 61 63 52 43 51 65 51 49 50 57 55 44 47 46 49 55 60 51 58 50 56 60 57 67 55 56 71 69 51 45 43 51 63 75 84 96 110 118 121 123 127 131 135 136 139 146 144 146 149 149 157 166 164 166 169 170 167 166 169 169 168 158 147 148 145 111 48 40 62 52 53 57 56 53 52 54 59 70 50 49 53 52 50 51 63 103 99 71 88 84 69 78 79 75 63 81 58 46 127 178 158 161
102 102 114 122 144 138 136 115 126 146 159 85 70 96 88 59 50 55 50 51 52 52 51 48 53 60 66 71 55 45 47 65 51 48 54 52 55 47 50 51 48 51 59 56 60 60 51 58 60 62 53 57 73 74 66 50 46 43 49 57 72 83 95 102 104 110 121 124 128 127 135 137 141 145 146 148 154 155 162 167 167 171 166 161 163 162 158 155 146 145 138 108 51 42 60 55 56 58 55 56 55 54 60 73 53 58 53 52 54 50 67 102 99 79 86 84 74 80 85 81 68 84 58 46 128 175 154 158
